6000
1 24
1 40
1 36
1 22
1 1
1 1
1 2
1 23
1 4
1 3
1 4
1 772
1 11
1 7
1 2
1 1
1 91
1 23
1 4
1 4
1 2
1 4
1 3
1 3
1 125
1 25
1 668
1 7
1 721
1 4
1 112
1 3
1 10
1 184
1 566
1 1
1 4
1 19
1 88
1 5
1 1
1 24
1 568
1 4
1 35
1 624
1 9
1 7
1 5
1 46
1 6
1 2
1 3
1 1
1 6
1 409
1 1
1 1
1 49
1 37
1 5
1 302
1 17
1 1
1 49
1 5
1 612
1 4
1 784
1 9
1 3
1 127
1 4
1 46
1 4
1 14
1 7
1 2
1 394
1 25
1 1
1 2
1 4
1 379
1 2
1 2
1 3
1 40
1 461
1 15
1 28
1 4
1 4
1 16
1 56
1 4
1 4
1 2
1 4
1 102
1 4
1 4
1 4
1 10
1 17
1 6
1 385
1 13
1 11
1 2
1 24
1 2
1 7
1 2
1 3
1 14
1 3
1 2
1 4
1 4
1 26
1 16
1 4
1 13
1 4
1 2
1 2
1 1
1 118
1 7
1 754
1 248
1 22
1 16
1 83
1 3
1 259
1 669
1 7
1 2
1 3
1 709
1 2
1 3
1 32
1 85
1 548
1 9
1 3
1 1
1 15
1 6
1 7
1 4
1 8
1 4
1 2
1 94
1 11
1 1
1 6
1 97
1 4
1 10
1 4
1 213
1 37
1 2
1 4
1 59
1 10
1 1
1 2
1 4
1 162
1 4
1 4
1 4
1 22
1 7
1 4
1 238
1 28
1 587
1 61
1 1
1 64
1 2
1 5
1 3
1 54
1 13
1 13
1 4
1 19
1 13
1 267
1 2
1 13
1 3
1 26
1 3
1 4
1 4
1 50
1 160
1 45
1 101
1 13
1 3
1 1
1 385
1 7
1 34
1 7
1 109
1 6
1 73
1 4
1 4
1 20
1 4
1 4
1 4
1 79
1 1
1 4
1 17
1 9
1 44
1 43
1 12
1 2
1 10
1 748
1 1
1 646
1 25
1 4
1 1
1 8
1 295
1 1
1 10
1 16
1 163
1 104
1 33
1 5
1 346
1 7
1 2
1 6
1 10
1 4
1 2
1 27
1 16
1 1
1 35
1 1
1 122
1 711
1 4
1 24
1 53
1 9
1 6
1 28
1 99
1 2
1 4
1 1
1 3
1 1
1 12
1 4
1 22
1 1
1 10
1 7
1 4
1 4
1 1
1 19
1 675
1 40
1 2
1 641
1 532
1 6
1 4
1 3
1 40
1 3
1 31
1 5
1 2
1 25
1 7
1 12
1 754
1 2
1 5
1 145
1 95
1 4
1 52
1 13
1 11
1 5
1 2
1 16
1 20
1 9
1 10
1 37
1 689
1 665
1 9
1 7
1 7
1 3
1 7
1 4
1 56
1 102
1 3
1 1
1 5
1 3
1 576
1 2
1 13
1 1
1 7
1 7
1 12
1 16
1 10
1 12
1 1
1 4
1 1
1 173
1 21
1 4
1 35
1 2
1 8
1 28
1 8
1 3
1 4
1 207
1 1
1 3
1 95
1 1
1 4
1 111
1 10
1 4
1 662
1 127
1 17
1 36
1 2
1 12
1 309
1 34
1 587
1 36
1 8
1 1
1 13
1 2
1 2
1 3
1 342
1 12
1 2
1 4
1 4
1 70
1 3
1 362
1 2
1 223
1 62
1 14
1 100
1 522
1 3
1 68
1 18
1 7
1 221
1 2
1 6
1 20
1 9
1 12
1 3
1 64
1 61
1 14
1 34
1 22
1 5
1 25
1 5
1 2
1 2
1 3
1 9
1 4
1 76
1 9
1 2
1 291
1 73
1 40
1 370
1 5
1 5
1 4
1 29
1 4
1 4
1 4
1 31
1 6
1 1
1 4
1 4
1 1
1 670
1 1
1 700
1 1
1 2
1 8
1 7
1 2
1 3
1 4
1 685
1 6
1 2
1 4
1 127
1 44
1 2
1 20
1 24
1 8
1 40
1 22
1 4
1 9
1 3
1 3
1 16
1 234
1 1
1 4
1 13
1 305
1 2
1 17
1 7
1 35
1 28
1 46
1 7
1 1
1 3
1 2
1 10
1 13
1 21
1 5
1 605
1 9
1 3
1 4
1 2
1 6
1 3
1 4
1 9
1 4
1 20
1 4
1 3
1 1
1 10
1 26
1 5
1 1
1 109
1 1
1 3
1 10
1 763
1 17
1 62
1 28
1 126
1 4
1 77
1 46
1 4
1 256
1 134
1 182
1 771
1 37
1 18
1 8
1 1
1 123
1 4
1 4
1 41
1 4
1 466
1 3
1 2
1 1
1 23
1 31
1 2
1 496
1 691
1 3
1 3
1 3
1 3
1 4
1 355
1 64
1 1
1 7
1 2
1 66
1 4
1 278
1 13
1 3
1 3
1 3
1 7
1 13
1 13
1 7
1 31
1 4
1 33
1 2
1 2
1 131
1 18
1 2
1 7
1 23
1 6
1 68
1 13
1 1
1 4
1 7
1 7
1 39
1 3
1 3
1 166
1 7
1 10
1 102
1 18
1 77
1 34
1 4
1 158
1 27
1 15
1 4
1 7
1 161
1 2
1 13
1 306
1 2
1 36
1 105
1 132
1 329
1 4
1 2
1 7
1 8
1 54
1 1
1 13
1 2
1 373
1 3
1 4
1 4
1 10
1 4
1 3
1 4
1 1
1 9
1 205
1 10
1 3
1 7
1 12
1 1
1 26
1 7
1 52
1 4
1 4
1 188
1 13
1 2
1 17
1 10
1 1
1 2
1 783
1 7
1 3
1 2
1 3
1 10
1 404
1 101
1 7
1 5
1 15
1 189
1 19
1 75
1 18
1 5
1 11
1 136
1 4
1 1
1 4
1 6
1 4
1 4
1 40
1 4
1 12
1 22
1 10
1 10
1 529
1 2
1 10
1 5
1 3
1 125
1 1
1 107
1 10
1 1
1 313
1 4
1 321
1 4
1 39
1 16
1 726
1 13
1 3
1 713
1 4
1 286
1 7
1 119
1 6
1 16
1 235
1 3
1 4
1 236
1 4
1 1
1 1
1 3
1 4
1 3
1 11
1 21
1 490
1 7
1 4
1 4
1 4
1 1
1 670
1 2
1 77
1 9
1 18
1 81
1 26
1 3
1 8
1 16
1 4
1 4
1 23
1 13
1 471
1 2
1 3
1 10
1 31
1 3
1 4
1 1
1 16
1 785
1 18
1 15
1 3
1 723
1 1
1 2
1 4
1 13
1 4
1 73
1 385
1 14
1 7
1 1
1 223
1 3
1 3
1 1
1 1
1 98
1 5
1 1
1 1
1 12
1 13
1 1
1 3
1 20
1 4
1 3
1 7
1 17
1 19
1 2
1 4
1 2
1 6
1 4
1 208
1 222
1 4
1 2
1 1
1 12
1 10
1 14
1 3
1 1
1 7
1 2
1 3
1 230
1 7
1 7
1 3
1 4
1 2
1 16
1 117
1 3
1 1
1 73
1 1
1 245
1 781
1 21
1 6
1 15
1 4
1 779
1 7
1 4
1 8
1 4
1 1
1 112
1 36
1 3
1 4
1 3
1 4
1 7
1 2
1 7
1 10
1 4
1 6
1 5
1 60
1 34
1 775
1 16
1 5
1 4
1 3
1 13
1 6
1 2
1 1
1 58
1 4
1 10
1 197
1 4
1 6
1 139
1 5
1 362
1 12
1 2
1 25
1 46
1 1
1 4
1 12
1 91
1 3
1 4
1 7
1 3
1 2
1 4
1 212
1 4
1 207
1 1
1 3
1 7
1 13
1 4
1 6
1 4
1 379
1 15
1 3
1 9
1 11
1 6
1 17
1 22
1 4
1 28
1 5
1 62
1 148
1 2
1 8
1 520
1 9
1 7
1 514
1 6
1 3
1 2
1 32
1 4
1 1
1 25
1 1
1 23
1 4
1 1
1 124
1 2
1 5
1 28
1 1
1 3
1 1
1 109
1 85
1 7
1 21
1 1
1 17
1 2
1 6
1 4
1 772
1 3
1 15
1 3
1 4
1 5
1 34
1 29
1 2
1 4
1 4
1 1
1 25
1 6
1 127
1 13
1 6
1 7
1 10
1 3
1 187
1 4
1 43
1 16
1 2
1 212
1 15
1 72
1 594
1 4
1 9
1 4
1 4
1 13
1 14
1 10
1 8
1 5
1 3
1 13
1 2
1 4
1 460
1 2
1 58
1 3
1 2
1 1
1 22
1 23
1 9
1 5
1 3
1 40
1 11
1 7
1 1
1 13
1 1
1 196
1 19
1 664
1 3
1 7
1 17
1 26
1 346
1 7
1 39
1 7
1 1
1 3
1 4
1 358
1 1
1 1
1 5
1 30
1 7
1 4
1 62
1 4
1 8
1 1
1 660
1 18
1 1
1 50
1 4
1 9
1 4
1 10
1 2
1 14
1 5
1 3
1 573
1 46
1 1
1 38
1 5
1 6
1 4
1 48
1 73
1 7
1 12
1 15
1 10
1 12
1 3
1 2
1 583
1 47
1 42
1 9
1 268
1 15
1 4
1 3
1 2
1 1
1 263
1 28
1 13
1 1
1 410
1 20
1 4
1 2
1 15
1 3
1 1
1 1
1 129
1 16
1 268
1 337
1 3
1 16
1 4
1 16
1 3
1 2
1 3
1 652
1 22
1 2
1 7
1 10
1 16
1 12
1 313
1 1
1 13
1 1
1 2
1 1
1 12
1 2
1 3
1 2
1 17
1 30
1 3
1 117
1 154
1 4
1 58
1 4
1 9
1 3
1 2
1 8
1 4
1 4
1 396
1 7
1 448
1 4
1 170
1 11
1 4
1 17
1 7
1 13
1 43
1 17
1 3
1 5
1 1
1 192
1 10
1 2
1 28
1 16
1 4
1 14
1 11
1 99
1 3
1 2
1 4
1 5
1 6
1 13
1 1
1 487
1 741
1 54
1 19
1 2
1 338
1 10
1 5
1 240
1 28
1 31
1 72
1 14
1 2
1 5
1 32
1 2
1 2
1 4
1 52
1 75
1 12
1 15
1 40
1 6
1 6
1 10
1 2
1 1
1 152
1 4
1 1
1 3
1 50
1 11
1 7
1 27
1 86
1 559
1 49
1 5
1 17
1 4
1 2
1 4
1 66
1 4
1 102
1 40
1 1
1 1
1 4
1 620
1 3
1 34
1 18
1 27
1 17
1 4
1 4
1 69
1 14
1 39
1 3
1 1
1 2
1 94
1 139
1 18
1 19
1 6
1 38
1 4
1 568
1 16
1 5
1 4
1 341
1 175
1 4
1 4
1 86
1 3
1 243
1 19
1 21
1 189
1 13
1 13
1 10
1 223
1 9
1 43
1 12
1 6
1 2
1 30
1 146
1 19
1 11
1 37
1 19
1 5
1 1
1 3
1 11
1 243
1 3
1 98
1 1
1 3
1 7
1 6
1 3
1 193
1 9
1 409
1 379
1 7
1 4
1 2
1 3
1 256
1 619
1 12
1 46
1 37
1 480
1 269
1 1
1 7
1 4
1 2
1 2
1 14
1 11
1 3
1 52
1 12
1 2
1 59
1 9
1 5
1 1
1 658
1 665
1 37
1 386
1 3
1 4
1 6
1 110
1 19
1 5
1 756
1 5
1 186
1 49
1 28
1 5
1 14
1 1
1 551
1 2
1 28
1 71
1 7
1 280
1 192
1 9
1 1
1 12
1 7
1 40
1 1
1 4
1 3
1 19
1 4
1 10
1 3
1 3
1 2
1 12
1 5
1 16
1 1
1 665
1 46
1 5
1 4
1 12
1 10
1 26
1 601
1 67
1 56
1 55
1 1
1 39
1 7
1 598
1 8
1 50
1 31
1 4
1 34
1 7
1 4
1 12
1 3
1 7
1 11
1 4
1 1
1 370
1 10
1 20
1 3
1 3
1 2
1 3
1 23
1 4
1 2
1 6
1 3
1 9
1 423
1 95
1 7
1 1
1 1
1 5
1 55
1 15
1 17
1 4
1 28
1 4
1 90
1 57
1 4
1 8
1 16
1 22
1 3
1 21
1 2
1 1
1 607
1 424
1 394
1 71
1 1
1 4
1 19
1 30
1 2
1 1
1 510
1 8
1 15
1 171
1 8
1 189
1 55
1 10
1 24
1 3
1 16
1 37
1 10
1 5
1 4
1 2
1 2
1 7
1 6
1 1
1 22
1 41
1 2
1 21
1 2
1 10
1 10
1 511
1 20
1 183
1 82
1 4
1 609
1 5
1 22
1 102
1 5
1 3
1 4
1 1
1 1
1 103
1 3
1 4
1 4
1 2
1 758
1 7
1 28
1 2
1 1
1 14
1 1
1 753
1 107
1 10
1 688
1 16
1 11
1 45
1 6
1 124
1 10
1 19
1 3
1 19
1 71
1 6
1 468
1 1
1 52
1 25
1 770
1 4
1 15
1 787
1 3
1 2
1 736
1 2
1 16
1 7
1 3
1 40
1 14
1 37
1 19
1 144
1 72
1 1
1 3
1 4
1 6
1 623
1 12
1 521
1 73
1 7
1 66
1 1
1 13
1 5
1 34
1 7
1 3
1 9
1 10
1 11
1 28
1 5
1 5
1 3
1 6
1 6
1 22
1 676
1 10
1 26
1 13
1 188
1 193
1 565
1 4
1 4
1 6
1 53
1 15
1 337
1 2
1 4
1 10
1 3
1 23
1 4
1 2
1 1
1 4
1 13
1 120
1 5
1 4
1 4
1 6
1 1
1 4
1 10
1 3
1 475
1 513
1 2
1 209
1 26
1 14
1 3
1 15
1 105
1 69
1 4
1 256
1 1
1 4
1 3
1 16
1 1
1 21
1 27
1 50
1 3
1 4
1 15
1 340
1 256
1 12
1 334
1 315
1 100
1 595
1 7
1 4
1 11
1 13
1 370
1 1
1 528
1 477
1 79
1 2
1 4
1 5
1 3
1 2
1 206
1 19
1 1
1 4
1 44
1 7
1 3
1 2
1 7
1 3
1 2
1 35
1 9
1 271
1 7
1 2
1 7
1 22
1 2
1 169
1 4
1 91
1 19
1 81
1 3
1 10
1 6
1 89
1 91
1 10
1 3
1 7
1 3
1 13
1 9
1 3
1 2
1 52
1 5
1 4
1 7
1 1
1 7
1 184
1 4
1 2
1 25
1 28
1 1
1 37
1 1
1 2
1 1
1 670
1 29
1 2
1 128
1 3
1 9
1 2
1 5
1 3
1 21
1 26
1 12
1 8
1 3
1 1
1 346
1 11
1 38
1 69
1 4
1 4
1 28
1 2
1 318
1 22
1 239
1 3
1 10
1 4
1 252
1 53
1 45
1 55
1 13
1 580
1 305
1 2
1 7
1 1
1 49
1 17
1 3
1 9
1 1
1 1
1 126
1 9
1 4
1 17
1 7
1 637
1 7
1 2
1 4
1 9
1 3
1 4
1 4
1 207
1 7
1 18
1 5
1 5
1 6
1 4
1 2
1 22
1 5
1 3
1 112
1 754
1 223
1 104
1 18
1 730
1 47
1 31
1 1
1 7
1 4
1 3
1 14
1 2
1 1
1 2
1 2
1 28
1 2
1 3
1 1
1 1
1 1
1 8
1 185
1 25
1 10
1 6
1 4
1 774
1 2
1 159
1 2
1 502
1 4
1 15
1 5
1 13
1 6
1 3
1 4
1 4
1 3
1 71
1 15
1 4
1 48
1 19
1 2
1 2
1 2
1 18
1 2
1 3
1 603
1 4
1 769
1 7
1 19
1 7
1 13
1 11
1 523
1 2
1 109
1 8
1 4
1 2
1 6
1 4
1 3
1 3
1 34
1 101
1 7
1 3
1 28
1 156
1 19
1 19
1 7
1 5
1 149
1 540
1 8
1 2
1 4
1 2
1 4
1 3
1 17
1 127
1 2
1 5
1 51
1 2
1 317
1 6
1 2
1 34
1 66
1 6
1 1
1 654
1 6
1 4
1 740
1 4
1 3
1 3
1 3
1 5
1 2
1 11
1 4
1 10
1 432
1 1
1 4
1 16
1 7
1 12
1 14
1 38
1 4
1 21
1 7
1 48
1 1
1 5
1 61
1 119
1 217
1 34
1 109
1 1
1 5
1 205
1 1
1 159
1 73
1 19
1 22
1 1
1 4
1 3
1 224
1 13
1 2
1 11
1 3
1 436
1 124
1 8
1 7
1 4
1 1
1 6
1 16
1 481
1 481
1 24
1 196
1 7
1 5
1 8
1 2
1 6
1 28
1 6
1 14
1 32
1 364
1 4
1 5
1 1
1 22
1 4
1 9
1 21
1 10
1 4
1 2
1 1
1 10
1 93
1 4
1 15
1 112
1 8
1 714
1 6
1 3
1 17
1 5
1 18
1 3
1 28
1 8
1 4
1 19
1 1
1 644
1 18
1 63
1 10
1 2
1 6
1 31
1 16
1 2
1 6
1 78
1 9
1 5
1 10
1 86
1 19
1 5
1 4
1 2
1 3
1 153
1 8
1 6
1 37
1 12
1 6
1 2
1 13
1 28
1 17
1 426
1 37
1 6
1 14
1 4
1 2
1 7
1 6
1 4
1 32
1 137
1 2
1 19
1 4
1 38
1 404
1 4
1 6
1 4
1 10
1 9
1 107
1 191
1 4
1 3
1 1
1 17
1 613
1 69
1 3
1 31
1 4
1 1
1 1
1 98
1 19
1 2
1 4
1 6
1 4
1 6
1 145
1 36
1 5
1 4
1 1
1 4
1 22
1 2
1 4
1 3
1 1
1 4
1 4
1 15
1 66
1 303
1 7
1 4
1 3
1 1
1 4
1 8
1 38
1 109
1 67
1 26
1 3
1 19
1 4
1 4
1 1
1 57
1 4
1 32
1 1
1 3
1 37
1 4
1 100
1 22
1 45
1 3
1 20
1 4
1 4
1 21
1 3
1 35
1 3
1 1
1 724
1 656
1 59
1 23
1 19
1 7
1 781
1 5
1 3
1 7
1 4
1 122
1 4
1 7
1 122
1 8
1 19
1 11
1 2
1 10
1 25
1 3
1 10
1 3
1 1
1 40
1 18
1 12
1 2
1 4
1 103
1 3
1 28
1 333
1 499
1 1
1 1
1 2
1 42
1 4
1 2
1 106
1 3
1 4
1 19
1 5
1 3
1 36
1 4
1 18
1 13
1 42
1 78
1 28
1 38
1 3
1 624
1 3
1 4
1 4
1 2
1 5
1 4
1 8
1 21
1 32
1 29
1 7
1 4
1 44
1 11
1 114
1 57
1 46
1 7
1 20
1 111
1 28
1 74
1 4
1 193
1 229
1 478
1 71
1 25
1 7
1 1
1 20
1 1
1 3
1 10
1 22
1 2
1 4
1 16
1 41
1 4
1 4
1 6
1 2
1 4
1 34
1 23
1 34
1 2
1 1
1 2
1 3
1 10
1 7
1 48
1 17
1 18
1 3
1 2
1 4
1 15
1 1
1 3
1 12
1 41
1 2
1 455
1 4
1 31
1 40
1 39
1 742
1 60
1 6
1 37
1 7
1 3
1 4
1 4
1 528
1 5
1 30
1 41
1 15
1 499
1 3
1 4
1 3
1 28
1 3
1 10
1 3
1 4
1 2
1 19
1 5
1 13
1 380
1 4
1 58
1 4
1 24
1 331
1 211
1 3
1 18
1 1
1 9
1 707
1 58
1 21
1 4
1 7
1 1
1 11
1 11
1 7
1 68
1 2
1 49
1 7
1 331
1 12
1 9
1 424
1 11
1 478
1 6
1 19
1 18
1 34
1 9
1 271
1 22
1 6
1 7
1 55
1 5
1 2
1 277
1 13
1 6
1 7
1 1
1 10
1 2
1 4
1 1
1 4
1 3
1 2
1 4
1 7
1 46
1 127
1 3
1 534
1 32
1 2
1 55
1 667
1 18
1 7
1 1
1 26
1 4
1 5
1 6
1 69
1 1
1 2
1 2
1 8
1 4
1 1
1 439
1 131
1 23
1 5
1 52
1 3
1 95
1 5
1 1
1 56
1 7
1 60
1 4
1 75
1 9
1 4
1 27
1 14
1 61
1 76
1 4
1 1
1 175
1 2
1 82
1 709
1 80
1 1
1 7
1 16
1 1
1 67
1 2
1 1
1 9
1 575
1 28
1 38
1 8
1 570
1 9
1 44
1 10
1 23
1 2
1 10
1 18
1 4
1 4
1 1
1 34
1 19
1 7
1 3
1 141
1 12
1 16
1 53
1 21
1 30
1 3
1 69
1 65
1 694
1 32
1 39
1 1
1 22
1 202
1 13
1 7
1 10
1 1
1 28
1 13
1 15
1 9
1 5
1 31
1 4
1 82
1 6
1 19
1 19
1 1
1 16
1 10
1 4
1 4
1 220
1 77
1 1
1 125
1 1
1 92
1 349
1 3
1 109
1 6
1 2
1 2
1 3
1 291
1 177
1 11
1 7
1 1
1 8
1 2
1 260
1 4
1 13
1 15
1 3
1 28
1 24
1 5
1 10
1 4
1 16
1 13
1 2
1 1
1 89
1 12
1 19
1 2
1 57
1 19
1 4
1 17
1 57
1 22
1 637
1 259
1 4
1 7
1 12
1 15
1 40
1 1
1 7
1 4
1 15
1 166
1 1
1 62
1 36
1 476
1 3
1 198
1 619
1 18
1 131
1 89
1 31
1 179
1 1
1 4
1 721
1 710
1 645
1 6
1 3
1 11
1 29
1 2
1 9
1 19
1 11
1 4
1 99
1 4
1 754
1 3
1 39
1 38
1 2
1 3
1 10
1 4
1 19
1 16
1 68
1 4
1 22
1 472
1 4
1 7
1 2
1 2
1 3
1 23
1 16
1 7
1 4
1 9
1 17
1 8
1 187
1 10
1 13
1 38
1 3
1 7
1 2
1 10
1 3
1 9
1 1
1 27
1 2
1 1
1 6
1 1
1 3
1 39
1 2
1 6
1 15
1 3
1 2
1 1
1 2
1 23
1 13
1 129
1 15
1 1
1 79
1 58
1 3
1 10
1 6
1 24
1 264
1 30
1 2
1 47
1 3
1 15
1 7
1 2
1 7
1 298
1 4
1 13
1 2
1 137
1 37
1 6
1 73
1 271
1 20
1 8
1 174
1 5
1 4
1 1
1 76
1 10
1 73
1 2
1 7
1 4
1 6
1 2
1 292
1 4
1 76
1 423
1 7
1 2
1 11
1 3
1 13
1 41
1 17
1 1
1 18
1 2
1 1
1 130
1 267
1 528
1 5
1 7
1 499
1 199
1 3
1 3
1 44
1 2
1 30
1 58
1 5
1 6
1 31
1 8
1 7
1 1
1 4
1 3
1 288
1 4
1 7
1 68
1 4
1 36
1 17
1 3
1 7
1 157
1 20
1 10
1 77
1 3
1 10
1 179
1 1
1 10
1 30
1 4
1 2
1 5
1 1
1 23
1 9
1 134
1 56
1 20
1 11
1 1
1 6
1 7
1 12
1 3
1 22
1 15
1 4
1 7
1 1
1 8
1 7
1 124
1 2
1 264
1 9
1 1
1 15
1 2
1 696
1 139
1 5
1 256
1 1
1 4
1 3
1 2
1 2
1 27
1 7
1 5
1 55
1 4
1 7
1 101
1 6
1 2
1 4
1 4
1 1
1 2
1 7
1 4
1 7
1 22
1 6
1 3
1 30
1 1
1 4
1 40
1 1
1 7
1 2
1 18
1 560
1 29
1 91
1 4
1 35
1 103
1 8
1 751
1 1
1 27
1 415
1 2
1 138
1 25
1 11
1 47
1 775
1 82
1 608
1 4
1 376
1 7
1 4
1 4
1 15
1 4
1 7
1 4
1 3
1 8
1 4
1 120
1 4
1 4
1 106
1 142
1 6
1 16
1 1
1 6
1 20
1 7
1 43
1 2
1 8
1 6
1 1
1 3
1 4
1 298
1 16
1 4
1 6
1 19
1 4
1 3
1 5
1 37
1 3
1 549
1 12
1 3
1 95
1 5
1 4
1 4
1 3
1 2
1 3
1 4
1 102
1 73
1 1
1 691
1 415
1 148
1 3
1 34
1 509
1 22
1 2
1 1
1 3
1 5
1 2
1 6
1 20
1 37
1 15
1 18
1 162
1 16
1 3
1 88
1 16
1 18
1 1
1 568
1 2
1 2
1 3
1 39
1 10
1 5
1 118
1 1
1 1
1 104
1 115
1 575
1 368
1 14
1 79
1 5
1 35
1 334
1 6
1 2
1 6
1 4
1 34
1 2
1 15
1 734
1 31
1 5
1 3
1 4
1 518
1 52
1 37
1 2
1 2
1 6
1 60
1 260
1 740
1 7
1 3
1 7
1 3
1 2
1 14
1 8
1 4
1 3
1 17
1 7
1 3
1 61
1 7
1 7
1 7
1 13
1 4
1 1
1 13
1 4
1 5
1 13
1 7
1 1
1 98
1 25
1 350
1 3
1 9
1 58
1 3
1 4
1 1
1 11
1 22
1 28
1 13
1 160
1 13
1 6
1 3
1 6
1 13
1 1
1 3
1 8
1 13
1 3
1 14
1 374
1 80
1 10
1 295
1 2
1 21
1 607
1 4
1 1
1 229
1 1
1 3
1 151
1 25
1 7
1 7
1 12
1 1
1 49
1 49
1 17
1 10
1 10
1 6
1 1
1 24
1 43
1 13
1 4
1 11
1 2
1 12
1 6
1 3
1 2
1 1
1 5
1 1
1 3
1 14
1 1
1 14
1 7
1 7
1 6
1 9
1 3
1 2
1 54
1 646
1 4
1 19
1 2
1 4
1 1
1 9
1 2
1 56
1 13
1 4
1 442
1 2
1 3
1 664
1 3
1 3
1 8
1 3
1 10
1 121
1 37
1 678
1 1
1 4
1 3
1 1
1 18
1 10
1 5
1 134
1 71
1 9
1 529
1 49
1 8
1 38
1 6
1 1
1 14
1 197
1 4
1 4
1 4
1 67
1 5
1 6
1 1
1 364
1 347
1 7
1 1
1 2
1 31
1 1
1 118
1 585
1 10
1 1
1 14
1 4
1 3
1 4
1 26
1 4
1 700
1 3
1 2
1 94
1 343
1 2
1 10
1 1
1 116
1 6
1 2
1 3
1 2
1 13
1 4
1 214
1 39
1 2
1 31
1 7
1 1
1 112
1 20
1 4
1 3
1 6
1 68
1 6
1 1
1 19
1 3
1 22
1 2
1 2
1 4
1 21
1 19
1 6
1 12
1 2
1 12
1 61
1 411
1 52
1 34
1 5
1 2
1 7
1 4
1 42
1 7
1 143
1 1
1 35
1 650
1 3
1 21
1 1
1 280
1 2
1 2
1 4
1 3
1 50
1 74
1 3
1 2
1 524
1 11
1 5
1 18
1 2
1 236
1 5
1 4
1 53
1 11
1 1
1 128
1 198
1 4
1 3
1 2
1 3
1 7
1 5
1 122
1 1
1 7
1 1
1 21
1 1
1 8
1 4
1 43
1 7
1 3
1 764
1 3
1 25
1 3
1 90
1 173
1 14
1 2
1 14
1 102
1 4
1 8
1 13
1 4
1 23
1 97
1 7
1 3
1 1
1 7
1 262
1 88
1 10
1 4
1 1
1 26
1 1
1 2
1 2
1 2
1 783
1 259
1 118
1 373
1 28
1 46
1 4
1 8
1 3
1 4
1 4
1 11
1 74
1 3
1 3
1 3
1 480
1 565
1 1
1 504
1 167
1 2
1 387
1 3
1 46
1 4
1 5
1 43
1 10
1 1
1 421
1 3
1 4
1 24
1 2
1 364
1 4
1 560
1 249
1 2
1 22
1 4
1 16
1 4
1 1
1 12
1 84
1 5
1 289
1 49
1 202
1 12
1 18
1 145
1 40
1 6
1 3
1 2
1 17
1 4
1 1
1 55
1 4
1 7
1 7
1 266
1 472
1 259
1 18
1 129
1 31
1 4
1 4
1 101
1 3
1 465
1 749
1 358
1 11
1 5
1 3
1 396
1 26
1 35
1 2
1 5
1 10
1 31
1 6
1 7
1 19
1 78
1 13
1 572
1 2
1 2
1 109
1 3
1 41
1 4
1 10
1 781
1 16
1 3
1 129
1 67
1 17
1 1
1 7
1 193
1 68
1 4
1 1
1 2
1 8
1 2
1 5
1 22
1 51
1 8
1 1
1 10
1 6
1 7
1 4
1 371
1 9
1 34
1 344
1 4
1 3
1 2
1 65
1 35
1 5
1 4
1 5
1 15
1 49
1 1
1 22
1 61
1 5
1 17
1 4
1 4
1 74
1 6
1 5
1 3
1 58
1 11
1 2
1 77
1 248
1 3
1 97
1 5
1 11
1 47
1 21
1 4
1 2
1 7
1 4
1 99
1 2
1 19
1 442
1 41
1 3
1 7
1 1
1 17
1 19
1 5
1 1
1 2
1 6
1 72
1 2
1 1
1 60
1 7
1 160
1 4
1 663
1 13
1 5
1 5
1 43
1 730
1 1
1 3
1 17
1 55
1 18
1 1
1 116
1 20
1 59
1 41
1 29
1 748
1 4
1 7
1 2
1 9
1 72
1 4
1 2
1 8
1 1
1 88
1 25
1 4
1 1
1 112
1 23
1 6
1 79
1 376
1 182
1 1
1 23
1 188
1 5
1 27
1 2
1 8
1 7
1 4
1 3
1 25
1 3
1 150
1 7
1 2
1 5
1 14
1 23
1 1
1 7
1 1
1 4
1 4
1 21
1 2
1 5
1 4
1 42
1 727
1 1
1 65
1 3
1 2
1 4
1 8
1 15
1 4
1 26
1 7
1 4
1 701
1 1
1 352
1 2
1 4
1 2
1 271
1 761
1 6
1 4
1 1
1 34
1 128
1 269
1 4
1 5
1 19
1 37
1 273
1 3
1 3
1 13
1 9
1 13
1 4
1 7
1 4
1 12
1 3
1 388
1 114
1 29
1 14
1 20
1 4
1 34
1 133
1 13
1 4
1 6
1 49
1 110
1 19
1 2
1 271
1 11
1 6
1 1
1 4
1 418
1 24
1 601
1 1
1 634
1 7
1 22
1 2
1 13
1 4
1 9
1 3
1 604
1 25
1 1
1 2
1 2
1 74
1 344
1 19
1 3
1 6
1 58
1 54
1 6
1 4
1 10
1 6
1 11
1 7
1 23
1 691
1 1
1 4
1 3
1 3
1 49
1 313
1 589
1 28
1 7
1 2
1 2
1 34
1 13
1 4
1 7
1 10
1 9
1 12
1 9
1 3
1 4
1 377
1 2
1 2
1 10
1 1
1 13
1 5
1 99
1 59
1 2
1 2
1 30
1 2
1 19
1 5
1 5
1 11
1 2
1 1
1 4
1 604
1 64
1 1
1 33
1 8
1 10
1 5
1 7
1 5
1 3
1 3
1 2
1 10
1 10
1 6
1 18
1 31
1 29
1 55
1 308
1 1
1 4
1 481
1 1
1 559
1 42
1 4
1 7
1 5
1 15
1 3
1 10
1 3
1 6
1 60
1 4
1 6
1 134
1 13
1 12
1 7
1 6
1 13
1 14
1 18
1 21
1 8
1 66
1 358
1 1
1 2
1 4
1 735
1 4
1 26
1 1
1 6
1 705
1 79
1 7
1 4
1 22
1 26
1 4
1 10
1 10
1 4
1 9
1 55
1 25
1 23
1 3
1 67
1 4
1 2
1 13
1 6
1 6
1 7
1 4
1 4
1 2
1 10
1 304
1 3
1 10
1 23
1 3
1 2
1 2
1 11
1 2
1 5
1 41
1 14
1 7
1 351
1 10
1 4
1 7
1 4
1 6
1 1
1 3
1 27
1 2
1 9
1 17
1 6
1 6
1 3
1 115
1 4
1 7
1 1
1 4
1 7
1 4
1 7
1 4
1 32
1 9
1 39
1 6
1 7
1 70
1 569
1 76
1 269
1 97
1 4
1 19
1 3
1 427
1 25
1 106
1 87
1 2
1 142
1 71
1 112
1 73
1 20
1 588
1 779
1 105
1 3
1 7
1 1
1 19
1 124
1 6
1 104
1 4
1 2
1 2
1 11
1 2
1 2
1 4
1 4
1 3
1 17
1 2
1 3
1 226
1 13
1 2
1 17
1 30
1 3
1 3
1 1
1 553
1 24
1 3
1 3
1 4
1 5
1 2
1 8
1 11
1 4
1 22
1 156
1 10
1 1
1 1
1 10
1 2
1 229
1 5
1 211
1 616
1 97
1 28
1 10
1 40
1 11
1 20
1 67
1 2
1 4
1 541
1 4
1 107
1 4
1 6
1 109
1 5
1 649
1 4
1 9
1 16
1 1
1 58
1 3
1 10
1 199
1 715
1 10
1 226
1 2
1 53
1 1
1 43
1 28
1 40
1 1
1 3
1 7
1 43
1 497
1 3
1 4
1 227
1 15
1 187
1 280
1 4
1 2
1 496
1 13
1 1
1 23
1 1
1 592
1 53
1 496
1 25
1 4
1 4
1 136
1 8
1 764
1 23
1 40
1 12
1 38
1 1
1 3
1 25
1 8
1 616
1 177
1 71
1 6
1 31
1 371
1 1
1 6
1 3
1 160
1 1
1 4
1 4
1 20
1 3
1 3
1 3
1 3
1 277
1 1
1 7
1 10
1 1
1 40
1 14
1 4
1 3
1 75
1 7
1 14
1 4
1 36
1 8
1 7
1 6
1 3
1 28
1 206
1 50
1 7
1 4
1 25
1 209
1 5
1 5
1 18
1 46
1 76
1 2
1 10
1 19
1 569
1 579
1 3
1 52
1 4
1 10
1 4
1 56
1 4
1 4
1 3
1 10
1 3
1 1
1 4
1 4
1 172
1 284
1 2
1 13
1 10
1 1
1 96
1 9
1 4
1 592
1 37
1 1
1 225
1 8
1 166
1 7
1 2
1 4
1 8
1 22
1 16
1 4
1 3
1 6
1 2
1 1
1 1
1 7
1 225
1 6
1 4
1 72
1 8
1 4
1 2
1 13
1 60
1 3
1 664
1 24
1 3
1 43
1 4
1 345
1 8
1 1
1 11
1 11
1 28
1 3
1 3
1 5
1 4
1 1
1 3
1 28
1 5
1 4
1 3
1 7
1 3
1 13
1 484
1 2
1 361
1 1
1 2
1 1
1 2
1 4
1 47
1 2
1 254
1 4
1 28
1 2
1 1
1 4
1 13
1 16
1 6
1 17
1 3
1 2
1 125
1 4
1 1
1 3
1 4
1 13
1 4
1 52
1 257
1 13
1 3
1 771
1 13
1 669
1 4
1 3
1 5
1 28
1 30
1 11
1 4
1 5
1 1
1 3
1 8
1 127
1 2
1 10
1 19
1 558
1 57
1 37
1 43
1 18
1 4
1 4
1 2
1 135
1 9
1 26
1 6
1 4
1 11
1 11
1 271
1 1
1 603
1 1
1 638
1 4
1 19
1 218
1 15
1 2
1 45
1 92
1 2
1 507
1 2
1 3
1 153
1 70
1 2
1 55
1 4
1 263
1 5
1 6
1 4
1 3
1 4
1 3
1 6
1 3
1 318
1 3
1 585
1 645
1 6
1 7
1 2
1 3
1 2
1 14
1 4
1 61
1 4
1 14
1 11
1 2
1 29
1 3
1 4
1 3
1 12
1 737
1 5
1 10
1 3
1 7
1 42
1 11
1 18
1 6
1 374
1 4
1 6
1 133
1 51
1 38
1 1
1 1
1 3
1 13
1 4
1 3
1 541
1 526
1 11
1 192
1 133
1 4
1 3
1 4
1 4
1 4
1 11
1 3
1 3
1 3
1 367
1 2
1 7
1 12
1 79
1 10
1 3
1 2
1 3
1 7
1 784
1 7
1 430
1 2
1 380
1 9
1 6
1 28
1 9
1 15
1 4
1 7
1 8
1 1
1 574
1 694
1 7
1 6
1 4
1 50
1 41
1 10
1 16
1 24
1 4
1 3
1 709
1 12
1 2
1 247
1 2
1 11
1 10
1 198
1 16
1 8
1 16
1 1
1 10
1 127
1 17
1 8
1 2
1 11
1 4
1 1
1 34
1 588
1 6
1 7
1 2
1 7
1 559
1 6
1 4
1 1
1 4
1 7
1 1
1 29
1 4
1 52
1 63
1 153
1 12
1 2
1 579
1 1
1 3
1 555
1 78
1 49
1 12
1 749
1 8
1 4
1 329
1 7
1 15
1 2
1 10
1 4
1 6
1 4
1 3
1 6
1 3
1 55
1 2
1 56
1 104
1 487
1 4
1 3
1 121
1 10
1 1
1 2
1 102
1 56
1 3
1 388
1 13
1 23
1 1
1 15
1 7
1 23
1 355
1 2
1 2
1 217
1 40
1 9
1 4
1 4
1 4
1 3
1 4
1 44
1 37
1 176
1 6
1 652
1 1
1 1
1 1
1 6
1 4
1 364
1 2
1 1
1 16
1 649
1 4
1 4
1 1
1 1
1 47
1 16
1 1
1 4
1 709
1 40
1 2
1 4
1 20
1 8
1 7
1 5
1 10
1 14
1 17
1 7
1 1
1 3
1 746
1 11
1 12
1 12
1 2
1 4
1 26
1 4
1 79
1 3
1 2
1 2
1 3
1 3
1 4
1 4
1 5
1 4
1 4
1 2
1 6
1 726
1 61
1 4
1 2
1 97
1 8
1 8
1 13
1 6
1 19
1 4
1 10
1 4
1 2
1 4
1 266
1 3
1 12
1 460
1 1
1 4
1 346
1 5
1 3
1 4
1 4
1 3
1 5
1 5
1 7
1 7
1 13
1 4
1 1
1 4
1 3
1 4
1 7
1 4
1 7
1 3
1 1
1 105
1 4
1 13
1 3
1 400
1 13
1 10
1 3
1 1
1 1
1 10
1 39
1 7
1 8
1 3
1 110
1 9
1 28
1 4
1 52
1 6
1 61
1 706
1 14
1 271
1 3
1 13
1 25
1 1
1 4
1 296
1 2
1 4
1 4
1 1
1 97
1 5
1 4
1 7
1 8
1 2
1 19
1 73
1 713
1 12
1 174
1 13
1 2
1 228
1 7
1 10
1 15
1 157
1 3
1 8
1 2
1 5
1 13
1 54
1 12
1 49
1 2
1 14
1 2
1 11
1 1
1 1
1 7
1 6
1 175
1 16
1 4
1 2
1 18
1 4
1 11
1 1
1 1
1 1
1 10
1 19
1 15
1 2
1 3
1 72
1 1
1 1
1 36
1 145
1 52
1 2
1 14
1 38
1 307
1 103
1 19
1 193
1 9
1 3
1 4
1 704
1 2
1 19
1 17
1 25
1 3
1 8
1 1
1 4
1 32
1 5
1 3
1 756
1 9
1 49
1 14
1 6
1 2
1 31
1 13
1 3
1 2
1 89
1 1
1 1
1 765
1 4
1 19
1 7
1 1
1 102
1 689
1 10
1 70
1 214
1 2
1 3
1 8
1 4
1 5
1 21
1 4
1 1
1 4
1 283
1 13
1 2
1 16
1 3
1 151
1 49
1 7
1 4
1 2
1 3
1 3
1 4
1 1
1 4
1 19
1 28
1 3
1 170
1 1
1 32
1 2
1 37
1 13
1 54
1 151
1 11
1 2
1 19
1 1
1 3
1 5
1 1
1 15
1 9
1 82
1 59
1 3
1 167
1 1
1 13
1 28
1 17
1 43
1 384
1 28
1 94
1 1
1 244
1 4
1 10
1 623
1 22
1 38
1 2
1 13
1 180
1 12
1 13
1 10
1 171
1 66
1 2
1 1
1 7
1 1
1 4
1 4
1 4
1 13
1 7
1 5
1 4
1 1
1 3
1 2
1 1
1 5
1 590
1 60
1 86
1 25
1 13
1 13
1 6
1 122
1 104
1 40
1 35
1 5
1 457
1 3
1 2
1 139
1 52
1 1
1 4
1 482
1 5
1 7
1 2
1 4
1 10
1 46
1 3
1 17
1 5
1 1
1 12
1 60
1 4
1 2
1 1
1 6
1 49
1 88
1 10
1 3
1 10
1 2
1 4
1 2
1 26
1 70
1 130
1 1
1 22
1 772
1 3
1 13
1 16
1 21
1 71
1 48
1 9
1 112
1 28
1 10
1 3
1 19
1 31
1 3
1 1
1 720
1 2
1 68
1 2
1 1
1 4
1 2
1 2
1 34
1 42
1 381
1 1
1 3
1 1
1 532
1 258
1 1
1 5
1 6
1 29
1 655
1 3
1 592
1 10
1 9
1 4
1 13
1 7
1 39
1 2
1 34
1 7
1 5
1 2
1 163
1 703
1 15
1 65
1 3
1 492
1 29
1 3
1 26
1 2
1 52
1 55
1 45
1 4
1 5
1 9
1 8
1 50
1 599
1 8
1 769
1 3
1 57
1 483
1 7
1 19
1 80
1 607
1 775
1 2
1 23
1 2
1 110
1 1
1 15
1 31
1 46
1 3
1 482
1 1
1 62
1 4
1 3
1 4
1 7
1 3
1 4
1 23
1 1
1 679
1 718
1 26
1 552
1 6
1 8
1 3
1 751
1 71
1 4
1 1
1 3
1 50
1 4
1 9
1 11
1 4
1 56
1 14
1 14
1 3
1 7
1 29
1 70
1 1
1 249
1 18
1 7
1 10
1 5
1 17
1 140
1 284
1 31
1 13
1 37
1 20
1 7
1 232
1 1
1 7
1 32
1 22
1 7
1 167
1 1
1 30
1 16
1 6
1 1
1 4
1 532
1 222
1 10
1 12
1 7
1 10
1 16
1 10
1 4
1 3
1 66
1 45
1 134
1 4
1 2
1 667
1 625
1 182
1 27
1 10
1 2
1 100
1 55
1 3
1 6
1 7
1 5
1 622
1 25
1 14
1 82
1 61
1 2
1 4
1 25
1 83
1 10
1 9
1 24
1 360
1 1
1 2
1 3
1 25
1 2
1 10
1 161
1 12
1 1
1 70
1 8
1 24
1 8
1 4
1 4
1 4
1 97
1 25
1 7
1 423
1 23
1 19
1 2
1 3
1 14
1 2
1 3
1 4
1 4
1 4
1 7
1 2
1 83
1 13
1 4
1 4
1 19
1 416
1 10
1 23
1 10
1 1
1 611
1 4
1 2
1 90
1 3
1 4
1 3
1 13
1 37
1 4
1 8
1 3
1 50
1 491
1 11
1 14
1 47
1 49
1 41
1 7
1 2
1 1
1 49
1 1
1 603
1 3
1 32
1 2
1 4
1 335
1 4
1 373
1 29
1 13
1 7
1 202
1 29
1 46
1 92
1 148
1 2
1 8
1 6
1 7
1 4
1 4
1 5
1 97
1 3
1 1
1 4
1 103
1 5
1 1
1 14
1 4
1 4
1 60
1 13
1 2
1 18
1 4
1 46
1 1
1 3
1 4
1 3
1 1
1 2
1 4
1 5
1 16
1 3
1 26
1 49
1 4
1 12
1 4
1 538
1 16
1 84
1 4
1 4
1 3
1 1
1 64
1 31
1 7
1 628
1 4
1 3
1 5
1 690
1 6
1 23
1 1
1 2
1 8
1 8
1 19
1 23
1 98
1 28
1 3
1 15
1 20
1 133
1 4
1 244
1 15
1 7
1 781
1 2
1 10
1 173
1 155
1 24
1 2
1 37
1 4
1 9
1 65
1 4
1 3
1 3
1 20
1 10
1 4
1 17
1 5
1 4
1 125
1 15
1 4
1 36
1 9
1 7
1 18
1 3
1 3
1 241
1 21
1 13
1 56
1 4
1 10
1 6
1 2
1 179
1 12
1 10
1 4
1 29
1 46
1 2
1 127
1 7
1 15
1 4
1 16
1 502
1 1
1 22
1 184
1 1
1 1
1 11
1 56
1 770
1 695
1 4
1 2
1 13
1 40
1 26
1 2
1 75
1 149
1 735
1 4
1 1
1 1
1 362
1 13
1 43
1 3
1 4
1 4
1 1
1 7
1 7
1 20
1 3
1 3
1 46
1 5
1 685
1 4
1 74
1 26
1 1
1 6
1 77
1 1
1 3
1 12
1 256
1 12
1 24
1 4
1 4
1 598
1 5
1 4
1 72
1 495
1 551
1 3
1 715
1 621
1 7
1 535
1 5
1 10
1 4
1 24
1 2
1 157
1 25
1 1
1 1
1 19
1 329
1 3
1 571
1 198
1 9
1 4
1 19
1 7
1 2
1 5
1 5
1 18
1 12
1 8
1 49
1 11
1 3
1 496
1 27
1 17
1 4
1 43
1 544
1 28
1 2
1 6
1 5
1 4
1 1
1 168
1 712
1 23
1 50
1 4
1 202
1 512
1 313
1 3
1 2
1 4
1 35
1 164
1 1
1 138
1 3
1 7
1 64
1 39
1 193
1 22
1 19
1 7
1 8
1 4
1 2
1 12
1 5
1 62
1 4
1 2
1 1
1 17
1 23
1 3
1 783
1 5
1 16
1 15
1 283
1 3
1 3
1 18
1 691
1 1
1 52
1 8
1 5
1 14
1 10
1 54
1 4
1 2
1 3
1 30
1 2
1 2
1 19
1 20
1 89
1 1
1 14
1 66
1 4
1 76
1 8
1 16
1 4
1 49
1 8
1 2
1 4
1 635
1 700
1 415
1 24
1 5
1 4
1 12
1 21
1 2
1 34
1 52
1 14
1 1
1 35
1 4
1 4
1 5
1 3
1 2
1 58
1 7
1 3
1 2
1 7
1 145
1 26
1 3
1 12
1 697
1 46
1 5
1 1
1 10
1 31
1 88
1 2
1 487
1 7
1 28
1 2
1 17
1 2
1 5
1 282
1 4
1 3
1 1
1 5
1 6
1 40
1 1
1 160
1 2
1 144
1 11
1 8
1 33
1 25
1 616
1 7
1 30
1 31
1 37
1 27
1 4
1 7
1 2
1 249
1 4
1 739
1 48
1 3
1 37
1 52
1 652
1 6
1 3
1 25
1 592
1 4
1 3
1 12
1 3
1 25
1 158
1 4
1 79
1 1
1 1
1 45
1 2
1 10
1 331
1 759
1 92
1 4
1 1
1 13
1 10
1 49
1 545
1 3
1 29
1 5
1 8
1 1
1 27
1 3
1 3
1 2
1 3
1 21
1 1
1 82
1 23
1 19
1 636
1 6
1 1
1 4
1 1
1 2
1 10
1 7
1 4
1 28
1 2
1 2
1 203
1 49
1 4
1 4
1 27
1 4
1 7
1 94
1 4
1 2
1 5
1 385
1 4
1 11
1 1
1 159
1 10
1 5
1 3
1 19
1 7
1 17
1 7
1 19
1 52
1 8
1 3
1 376
1 3
1 40
1 13
1 1
1 4
1 197
1 1
1 1
1 335
1 3
1 1
1 4
1 152
1 4
1 4
1 7
1 1
1 4
1 4
1 2
1 18
1 2
1 53
1 13
1 3
1 4
1 10
1 6
1 4
1 4
1 12
1 16
1 29
1 159
1 7
1 6
1 4
1 1
1 4
1 4
1 3
1 6
1 46
1 1
1 15
1 4
1 5
1 4
1 241
1 733
1 4
1 4
1 4
1 13
1 4
1 1
1 81
1 1
1 69
1 42
1 3
1 6
1 29
1 4
1 5
1 769
1 8
1 16
1 1
1 4
1 2
1 9
1 28
1 3
1 22
1 7
1 9
1 2
1 19
1 70
1 14
1 18
1 5
1 1
1 129
1 26
1 1
1 13
1 4
1 4
1 1
1 20
1 4
1 1
1 607
1 664
1 21
1 44
1 3
1 4
1 25
1 4
1 259
1 17
1 11
1 7
1 71
1 4
1 4
1 427
1 3
1 685
1 82
1 15
1 4
1 120
1 1
1 56
1 20
1 8
1 6
1 8
1 25
1 4
1 2
1 28
1 27
1 16
1 625
1 755
1 43
1 487
1 23
1 412
1 11
1 2
1 54
1 118
1 6
1 1
1 19
1 3
1 2
1 147
1 4
1 41
1 12
1 19
1 7
1 4
1 5
1 10
1 8
1 2
1 13
1 5
1 4
1 16
1 11
1 445
1 741
1 2
1 61
1 4
1 19
1 17
1 532
1 5
1 27
1 7
1 6
1 4
1 73
1 466
1 49
1 17
1 7
1 3
1 45
1 77
1 2
1 2
1 6
1 1
1 26
1 2
1 4
1 9
1 9
1 20
1 1
1 1
1 4
1 24
1 34
1 5
1 144
1 73
1 169
1 6
1 1
1 3
1 16
1 5
1 10
1 328
1 3
1 32
1 176
1 8
1 6
1 112
1 5
1 8
1 11
1 1
1 7
1 5
1 24
1 23
1 5
1 2
1 2
1 61
1 1
1 3
1 5
1 3
1 13
1 405
1 2
1 17
1 4
1 22
1 9
1 4
1 370
1 241
1 16
1 163
1 22
1 3
1 1
1 3
1 103
1 7
1 1
1 55
1 19
1 12
1 10
1 17
1 754
1 2
1 28
1 458
1 34
1 10
1 7
1 1
1 3
1 6
1 3
1 70
1 20
1 5
1 11
1 93
1 11
1 3
1 1
1 37
1 1
1 2
1 23
1 7
1 3
1 10
1 5
1 2
1 136
1 3
1 3
1 119
1 103
1 3
1 74
1 23
1 579
1 104
1 104
1 3
1 3
1 4
1 4
1 4
1 20
1 4
1 2
1 70
1 4
1 734
1 4
1 15
1 2
1 21
1 92
1 4
1 1
1 1
1 2
1 32
1 3
1 1
1 2
1 1
1 2
1 57
1 2
1 9
1 11
1 3
1 8
1 1
1 446
1 1
1 5
1 23
1 1
1 2
1 22
1 112
1 6
1 4
1 13
1 4
1 1
1 10
1 8
1 278
1 11
1 231
1 178
1 1
1 2
1 9
1 412
1 131
1 2
1 1
1 28
1 7
1 8
1 724
1 2
1 523
1 4
1 5
1 1
1 8
1 8
1 4
1 1
1 2
1 5
1 13
1 11
1 149
1 3
1 24
1 784
1 2
1 55
1 1
1 141
1 7
1 4
1 146
1 10
1 7
1 410
1 11
1 7
1 3
1 6
1 2
1 68
1 49
1 6
1 4
1 403
1 17
1 35
1 4
1 4
1 18
1 10
1 5
1 16
1 13
1 1
1 299
1 4
1 2
1 7
1 22
1 3
1 4
1 2
1 45
1 331
1 1
1 1
1 2
1 82
1 13
1 8
1 230
1 31
1 1
1 10
1 73
1 6
1 25
1 57
1 64
1 4
1 258
1 180
1 103
1 202
1 121
1 56
1 3
1 33
1 9
1 8
1 27
1 445
1 4
1 148
1 99
1 2
1 1
1 1
1 5
1 2
1 10
1 3
1 4
1 19
1 55
1 3
1 4
1 22
1 77
1 16
1 18
1 534
1 8
1 2
1 141
1 32
1 1
1 1
1 1
1 30
1 5
1 7
1 454
1 2
1 2
1 11
1 70
1 63
1 4
1 4
1 6
1 598
1 16
1 10
1 446
1 79
1 5
1 20
1 58
1 4
1 10
1 4
1 3
1 291
1 5
1 7
1 9
1 19
1 10
1 25
1 6
1 709
1 1
1 1
1 10
1 11
1 2
1 34
1 4
1 2
1 10
1 34
1 7
1 5
1 7
1 1
1 2
1 5
1 2
1 4
1 1
1 4
1 122
1 9
1 136
1 49
1 15
1 2
1 73
1 1
1 2
1 4
1 101
1 1
1 262
1 94
1 2
1 56
1 280
1 1
1 1
1 33
1 49
1 7
1 21
1 10
1 1
1 3
1 3
1 611
1 1
1 371
1 10
1 20
1 9
1 91
1 4
1 2
1 8
1 7
1 6
1 3
1 12
1 20
1 4
1 2
1 156
1 7
1 37
1 9
1 4
1 8
1 164
1 7
1 11
1 7
1 587
1 12
1 57
1 20
1 386
1 171
1 6
1 42
1 3
1 9
1 2
1 4
1 4
1 3
1 6
1 24
1 9
1 4
1 3
1 14
1 109
1 214
1 10
1 27
1 110
1 385
1 4
1 25
1 31
1 127
1 4
1 11
1 4
1 2
1 16
1 496
1 3
1 3
1 53
1 58
1 5
1 3
1 364
1 32
1 86
1 15
1 99
1 670
1 13
1 4
1 3
1 3
1 1
1 221
1 3
1 1
1 3
1 1
1 10
1 19
1 292
1 15
1 5
1 1
1 4
1 38
1 22
1 37
1 7
1 671
1 3
1 16
1 1
1 106
1 7
1 7
1 4
1 21
1 5
1 40
1 8
1 6
1 481
1 133
1 7
1 15
1 30
1 1
1 25
1 2
1 4
1 20
1 7
1 39
1 1
1 4
1 770
1 2
1 98
1 182
1 196
1 1
1 4
1 37
1 166
1 3
1 25
1 7
1 1
1 5
1 30
1 1
1 1
1 39
1 11
1 58
1 1
1 3
1 2
1 592
1 42
1 2
1 5
1 2
1 21
1 10
1 37
1 13
1 577
1 61
1 38
1 2
1 3
1 2
1 7
1 8
1 36
1 645
1 5
1 1
1 136
1 6
1 39
1 3
1 441
1 24
1 5
1 4
1 26
1 19
1 65
1 202
1 63
1 14
1 2
1 3
1 2
1 4
1 4
1 4
1 61
1 41
1 32
1 4
1 5
1 16
1 8
1 3
1 4
1 193
1 4
1 27
1 10
1 208
1 21
1 4
1 1
1 1
1 64
1 56
1 35
1 40
1 15
1 3
1 1
1 41
1 3
1 4
1 2
1 7
1 4
1 39
1 19
1 8
1 465
1 4
1 61
1 22
1 23
1 5
1 10
1 25
1 3
1 2
1 6
1 106
1 2
1 92
1 1
1 472
1 10
1 723
1 32
1 83
1 452
1 4
1 82
